𒾐 Cypro-Minoan Sign Cm001
𒾑 Cypro-Minoan Sign Cm002
𒾒 Cypro-Minoan Sign Cm004
𒾓 Cypro-Minoan Sign Cm005
𒾔 Cypro-Minoan Sign Cm006
𒾕 Cypro-Minoan Sign Cm007
𒾖 Cypro-Minoan Sign Cm008
𒾗 Cypro-Minoan Sign Cm009
𒾘 Cypro-Minoan Sign Cm010
𒾙 Cypro-Minoan Sign Cm011
𒾚 Cypro-Minoan Sign Cm012
𒾛 Cypro-Minoan Sign Cm012B
𒾜 Cypro-Minoan Sign Cm013
𒾝 Cypro-Minoan Sign Cm015
𒾞 Cypro-Minoan Sign Cm017
𒾟 Cypro-Minoan Sign Cm019
𒾠 Cypro-Minoan Sign Cm021
𒾡 Cypro-Minoan Sign Cm023
𒾢 Cypro-Minoan Sign Cm024
𒾣 Cypro-Minoan Sign Cm025
𒾤 Cypro-Minoan Sign Cm026
𒾥 Cypro-Minoan Sign Cm027
𒾦 Cypro-Minoan Sign Cm028
𒾧 Cypro-Minoan Sign Cm029
𒾨 Cypro-Minoan Sign Cm030
𒾩 Cypro-Minoan Sign Cm033
𒾪 Cypro-Minoan Sign Cm034
𒾫 Cypro-Minoan Sign Cm035
𒾬 Cypro-Minoan Sign Cm036
𒾭 Cypro-Minoan Sign Cm037
𒾮 Cypro-Minoan Sign Cm038
𒾯 Cypro-Minoan Sign Cm039
𒾰 Cypro-Minoan Sign Cm040
𒾱 Cypro-Minoan Sign Cm041
𒾲 Cypro-Minoan Sign Cm044
𒾳 Cypro-Minoan Sign Cm046
𒾴 Cypro-Minoan Sign Cm047
𒾵 Cypro-Minoan Sign Cm049
𒾶 Cypro-Minoan Sign Cm050
𒾷 Cypro-Minoan Sign Cm051
𒾸 Cypro-Minoan Sign Cm052
𒾹 Cypro-Minoan Sign Cm053
𒾺 Cypro-Minoan Sign Cm054
𒾻 Cypro-Minoan Sign Cm055
𒾼 Cypro-Minoan Sign Cm056
𒾽 Cypro-Minoan Sign Cm058
𒾾 Cypro-Minoan Sign Cm059
𒾿 Cypro-Minoan Sign Cm060
𒿀 Cypro-Minoan Sign Cm061
𒿁 Cypro-Minoan Sign Cm062
𒿂 Cypro-Minoan Sign Cm063
𒿃 Cypro-Minoan Sign Cm064
𒿄 Cypro-Minoan Sign Cm066
𒿅 Cypro-Minoan Sign Cm067
𒿆 Cypro-Minoan Sign Cm068
𒿇 Cypro-Minoan Sign Cm069
𒿈 Cypro-Minoan Sign Cm070
𒿉 Cypro-Minoan Sign Cm071
𒿊 Cypro-Minoan Sign Cm072
𒿋 Cypro-Minoan Sign Cm073
𒿌 Cypro-Minoan Sign Cm074
𒿍 Cypro-Minoan Sign Cm075
𒿎 Cypro-Minoan Sign Cm075B
𒿏 Cypro-Minoan Sign Cm076
𒿐 Cypro-Minoan Sign Cm078
𒿑 Cypro-Minoan Sign Cm079
𒿒 Cypro-Minoan Sign Cm080
𒿓 Cypro-Minoan Sign Cm081
𒿔 Cypro-Minoan Sign Cm082
𒿕 Cypro-Minoan Sign Cm083
𒿖 Cypro-Minoan Sign Cm084
𒿗 Cypro-Minoan Sign Cm085
𒿘 Cypro-Minoan Sign Cm086
𒿙 Cypro-Minoan Sign Cm087
𒿚 Cypro-Minoan Sign Cm088
𒿛 Cypro-Minoan Sign Cm089
𒿜 Cypro-Minoan Sign Cm090
𒿝 Cypro-Minoan Sign Cm091
𒿞 Cypro-Minoan Sign Cm092
𒿟 Cypro-Minoan Sign Cm094
𒿠 Cypro-Minoan Sign Cm095
𒿡 Cypro-Minoan Sign Cm096
𒿢 Cypro-Minoan Sign Cm097
𒿣 Cypro-Minoan Sign Cm098
𒿤 Cypro-Minoan Sign Cm099
𒿥 Cypro-Minoan Sign Cm100
𒿦 Cypro-Minoan Sign Cm101
𒿧 Cypro-Minoan Sign Cm102
𒿨 Cypro-Minoan Sign Cm103
𒿩 Cypro-Minoan Sign Cm104
𒿪 Cypro-Minoan Sign Cm105
𒿫 Cypro-Minoan Sign Cm107
𒿬 Cypro-Minoan Sign Cm108
𒿭 Cypro-Minoan Sign Cm109
𒿮 Cypro-Minoan Sign Cm110
𒿯 Cypro-Minoan Sign Cm112
𒿰 Cypro-Minoan Sign Cm114
𒿱 Cypro-Minoan Sign Cm301
𒿲 Cypro-Minoan Sign Cm302
